place(-16.878, 0.856, -24.895, "Farm", 300)
place(-16.966, 0.937, -28.508, "Farm", 300)
place(-17.010, 0.965, -32.307, "Farm", 300)
place(-16.723, 1.018, -35.909, "Farm", 300)
place(-20.236, 0.929, -35.869, "Farm", 300)
place(-20.511, 0.858, -32.217, "Farm", 300)
place(-20.370, 0.650, -24.590, "Farm", 300)
place(-23.873, 0.215, -24.222, "Farm", 300)
place(-24.526, 0.236, -27.821, "Farm", 300)
upgrade(-16.878, 1.981, -24.895, 200)
upgrade(-16.966, 2.062, -28.508, 200)
place(5.941, 1.395, 28.182, "Scout", 250)
place(2.927, 1.423, 28.182, "Scout", 250)
place(6.483, 1.376, 31.334, "Scout", 250)
place(3.232, 1.428, 31.433, "Scout", 250)
upgrade(2.927, 2.773, 28.182, 150)
upgrade(5.941, 2.745, 28.182, 150)
upgrade(6.483, 2.726, 31.334, 150)
upgrade(3.232, 2.778, 31.433, 150)
place(-0.159, 1.452, 27.968, "Scout", 250)
upgrade(-0.159, 2.802, 27.968, 150)
upgrade(-24.526, 1.361, -27.821, 200)
upgrade(-23.873, 1.340, -24.222, 200)
upgrade(-20.370, 1.775, -24.590, 200)
upgrade(-16.878, 1.981, -24.895, 600)
place(-5.275, 1.500, 28.135, "Gatling Gun", 5250)
sell(6.483, 2.726, 31.334)
sell(5.941, 2.745, 28.182)
sell(3.232, 2.778, 31.433)
sell(2.927, 2.773, 28.182)
sell(-0.159, 2.802, 27.968)
upgrade(-5.275, 2.399, 28.135, 3000)
place(-6.984, -0.097, -12.338, "Scout", 250)
place(-4.283, 0.001, -10.927, "Scout", 250)
place(-1.446, 0.108, -9.832, "Scout", 250)
upgrade(-6.984, 1.253, -12.338, 150)
upgrade(-6.984, 1.253, -12.338, 600)
upgrade(-6.984, 1.253, -12.338, 2250)
upgrade(-4.283, 1.351, -10.927, 150)
upgrade(-4.283, 1.351, -10.927, 600)
upgrade(-4.283, 1.351, -10.927, 2250)
upgrade(-1.446, 1.458, -9.832, 150)
upgrade(-1.446, 1.458, -9.832, 600)
upgrade(-1.446, 1.458, -9.832, 2250)
upgrade(-6.984, 1.253, -12.338, 3400)
upgrade(-4.283, 1.351, -10.927, 3400)
upgrade(-20.510, 1.983, -32.217, 456)
upgrade(-20.236, 2.054, -35.869, 200)
upgrade(-17.010, 2.090, -32.307, 200)
upgrade(-16.723, 2.143, -35.909, 200)
upgrade(-16.966, 2.062, -28.508, 600)
upgrade(-20.370, 1.775, -24.590, 600)
upgrade(-17.010, 2.090, -32.307, 600)
upgrade(-20.510, 1.983, -32.217, 1160)
upgrade(-16.723, 2.143, -35.909, 600)
upgrade(-20.236, 2.054, -35.869, 600)
upgrade(-23.873, 1.340, -24.222, 600)
upgrade(-24.526, 1.361, -27.821, 600)
upgrade(-1.446, 1.458, -9.832, 3400)
place(-3.810, -0.070, -7.809, "Scout", 250)
place(-6.854, -0.180, -8.817, "Scout", 250)
place(-9.630, -0.235, -10.688, "Scout", 250)
place(0.693, 0.146, -7.616, "Scout", 250)
place(-1.612, 0.117, -4.775, "Scout", 250)
place(-3.501, -0.082, -2.427, "Scout", 250)
place(-6.524, -0.277, -2.847, "Scout", 250)
place(-12.012, -0.391, -8.599, "Scout", 250)
place(-14.573, -0.449, -6.921, "Scout", 250)
place(-16.247, -0.516, -4.358, "Scout", 250)
place(-14.927, -0.530, -1.002, "Scout", 250)
place(-12.668, -0.533, 1.355, "Scout", 250)
place(-9.620, -0.390, 0.460, "Scout", 250)
place(0.653, 0.079, -0.396, "Scout", 250)
place(1.730, 0.286, -3.793, "Scout", 250)
place(3.803, 0.210, 0.356, "Scout", 250)
place(5.072, 0.351, -4.735, "Scout", 250)
upgrade(0.693, 1.496, -7.616, 150)
upgrade(0.693, 1.496, -7.616, 600)
upgrade(0.693, 1.496, -7.616, 2250)
upgrade(-3.810, 1.280, -7.809, 150)
upgrade(-3.810, 1.280, -7.809, 600)
upgrade(-3.810, 1.280, -7.809, 2250)
upgrade(-3.810, 1.280, -7.809, 3400)
upgrade(-6.854, 1.170, -8.817, 150)
upgrade(-9.630, 1.115, -10.688, 150)
upgrade(-6.854, 1.170, -8.817, 600)
upgrade(-6.854, 1.170, -8.817, 2250)
upgrade(-9.630, 1.115, -10.688, 600)
upgrade(-9.630, 1.115, -10.688, 2250)
upgrade(-12.012, 0.959, -8.599, 150)
upgrade(-12.012, 0.959, -8.599, 600)
upgrade(-12.012, 0.959, -8.599, 2250)
upgrade(-14.573, 0.901, -6.921, 150)
upgrade(-14.573, 0.901, -6.921, 600)
upgrade(-14.573, 0.901, -6.921, 2250)
upgrade(-1.612, 1.467, -4.775, 150)
upgrade(-1.612, 1.467, -4.775, 600)
upgrade(-1.612, 1.467, -4.775, 2250)
upgrade(-5.275, 2.399, 28.135, 7500)
upgrade(-16.247, 0.834, -4.358, 150)
upgrade(-16.247, 0.834, -4.358, 600)
upgrade(-16.247, 0.834, -4.358, 2250)
upgrade(-14.927, 0.820, -1.002, 150)
upgrade(-14.927, 0.820, -1.002, 600)
upgrade(-14.927, 0.820, -1.002, 2250)
upgrade(-12.668, 0.817, 1.355, 150)
upgrade(-12.668, 0.817, 1.355, 600)
upgrade(-12.668, 0.817, 1.355, 2250)
upgrade(-9.620, 0.960, 0.460, 150)
upgrade(-9.620, 0.960, 0.460, 600)
upgrade(-9.620, 0.960, 0.460, 2250)
upgrade(-6.524, 1.073, -2.847, 150)
upgrade(-6.524, 1.073, -2.847, 600)
upgrade(-6.524, 1.073, -2.847, 2250)
upgrade(-3.501, 1.268, -2.427, 150)
upgrade(-3.501, 1.268, -2.427, 600)
upgrade(-3.501, 1.268, -2.427, 2250)
upgrade(1.730, 1.636, -3.793, 150)
upgrade(1.730, 1.636, -3.793, 600)
upgrade(1.730, 1.636, -3.793, 2250)
upgrade(0.653, 1.429, -0.396, 150)
upgrade(0.653, 1.429, -0.396, 600)
upgrade(0.653, 1.429, -0.396, 2250)
upgrade(5.072, 1.701, -4.735, 150)
upgrade(5.072, 1.701, -4.735, 600)
upgrade(5.072, 1.701, -4.735, 2250)
upgrade(3.803, 1.560, 0.356, 150)
upgrade(3.803, 1.560, 0.356, 600)
upgrade(3.803, 1.560, 0.356, 2250)
upgrade(-5.275, 2.399, 28.135, 15000)
upgrade(-6.854, 1.170, -8.817, 3400)
upgrade(-1.612, 1.467, -4.775, 3400)
upgrade(1.730, 1.636, -3.793, 3400)
upgrade(5.072, 1.701, -4.735, 3400)
upgrade(-6.524, 1.073, -2.847, 3400)
upgrade(-3.501, 1.268, -2.427, 3400)
upgrade(0.653, 1.429, -0.396, 3400)
upgrade(3.803, 1.560, 0.356, 3400)
upgrade(-9.620, 0.960, 0.460, 3400)
upgrade(-12.668, 0.817, 1.355, 3400)
upgrade(-14.927, 0.820, -1.002, 3400)
upgrade(-16.247, 0.834, -4.358, 3400)
upgrade(-14.573, 0.901, -6.921, 3400)
upgrade(-12.012, 0.959, -8.599, 3400)
upgrade(-5.275, 2.399, 28.135, 32500)
upgrade(-5.275, 2.399, 28.135, 50000)
upgrade(-24.526, 1.361, -27.821, 1250)
upgrade(-23.873, 1.340, -24.222, 1250)
upgrade(-20.370, 1.775, -24.590, 1250)
upgrade(-16.878, 1.981, -24.895, 1250)
upgrade(-16.966, 2.062, -28.508, 1250)
upgrade(-17.010, 2.090, -32.307, 1250)
upgrade(-20.510, 1.983, -32.217, 36497)
upgrade(-20.236, 2.054, -35.869, 1250)
upgrade(-16.723, 2.143, -35.909, 1250)
upgrade(-5.275, 2.399, 28.135, 100000)
place(-7.378, 4.417, 11.591, "Ranger", 4500)
upgrade(-7.378, 5.767, 11.591, 1500)
upgrade(-7.378, 5.767, 11.591, 5500)
place(-6.948, 4.629, 14.717, "Ranger", 4500)
upgrade(-6.948, 5.979, 14.718, 1867)
upgrade(-6.948, 5.979, 14.718, 6567)
place(-6.117, 4.693, 17.750, "Ranger", 4500)
upgrade(-6.117, 6.043, 17.750, 1500)
upgrade(-6.117, 6.043, 17.750, 5500)
place(-10.157, 4.126, 10.486, "Ranger", 4500)
upgrade(-10.157, 5.476, 10.486, 1500)
upgrade(-10.157, 5.476, 10.486, 5500)
place(-10.322, 4.463, 13.945, "Ranger", 4500)
upgrade(-10.322, 5.813, 13.945, 1500)
upgrade(-10.322, 5.813, 13.945, 5500)
place(-9.239, 4.619, 17.400, "Ranger", 4500)
upgrade(-9.239, 5.969, 17.400, 1500)
upgrade(-9.239, 5.969, 17.400, 5500)
place(-9.397, 4.563, 20.485, "Ranger", 4500)
upgrade(-9.397, 5.913, 20.485, 1500)
upgrade(-9.397, 5.913, 20.485, 5500)
place(-12.938, 3.946, 12.229, "Ranger", 4500)
upgrade(-12.938, 5.296, 12.229, 1500)
upgrade(-12.938, 5.296, 12.229, 5500)
place(-12.441, 4.410, 16.906, "Ranger", 4500)
upgrade(-7.378, 5.767, 11.591, 15750)
upgrade(-6.948, 5.979, 14.718, 37706)
